0000000	1000000
0000001	0111111
0000010	0111110
0000011	0111101
0000100	0111100
0000101	0111011
0000110	0111010
0000111	0111001
0001000	0111000
0001001	0110111
0001010	0110110
0001011	0110101
0001100	0110101
0001101	0110100
0001110	0110011
0001111	0110010
0010000	0110001
0010001	0110001
0010010	0110000
0010011	0101111
0010100	0101110
0010101	0101110
0010110	0101101
0010111	0101100
0011000	0101011
0011001	0101011
0011010	0101010
0011011	0101001
0011100	0101001
0011101	0101000
0011110	0101000
0011111	0100111
0100000	0100110
0100001	0100110
0100010	0100101
0100011	0100101
0100100	0100100
0100101	0100011
0100110	0100011
0100111	0100010
0101000	0100010
0101001	0100001
0101010	0100001
0101011	0100000
0101100	0100000
0101101	0011111
0101110	0011111
0101111	0011110
0110000	0011110
0110001	0011101
0110010	0011101
0110011	0011100
0110100	0011100
0110101	0011011
0110110	0011011
0110111	0011011
0111000	0011010
0111001	0011010
0111010	0011001
0111011	0011001
0111100	0011001
0111101	0011000
0111110	0011000
0111111	0010111
1000000	0010111
	
